Результаты анализа звукового файла: a.wav

Минимальная частота голоса: 0.0 Гц
Максимальная частота голоса: 10669.7021484375 Гц

Основной тон: 258.3984375 Гц

Три самые сильные форманты:
1. [43.06640625, 64.599609375, 53.8330078125] Гц
2. [75.3662109375, 43.06640625, 86.1328125] Гц
3. [64.599609375, 96.8994140625, 86.1328125] Гц
4. [850.5615234375, 3133.0810546875, 3143.84765625] Гц
5. [183.0322265625, 204.5654296875, 193.798828125] Гц
6. [183.0322265625, 204.5654296875, 193.798828125] Гц
7. [183.0322265625, 193.798828125, 204.5654296875] Гц
8. [215.33203125, 193.798828125, 204.5654296875] Гц
9. [215.33203125, 193.798828125, 204.5654296875] Гц
10. [215.33203125, 193.798828125, 204.5654296875] Гц
11. [193.798828125, 215.33203125, 204.5654296875] Гц
12. [193.798828125, 215.33203125, 204.5654296875] Гц
13. [193.798828125, 215.33203125, 204.5654296875] Гц
14. [215.33203125, 236.865234375, 226.0986328125] Гц
15. [236.865234375, 247.6318359375, 258.3984375] Гц
16. [269.1650390625, 247.6318359375, 258.3984375] Гц
17. [247.6318359375, 269.1650390625, 258.3984375] Гц
18. [247.6318359375, 269.1650390625, 258.3984375] Гц
19. [247.6318359375, 269.1650390625, 258.3984375] Гц
20. [247.6318359375, 269.1650390625, 258.3984375] Гц
21. [269.1650390625, 247.6318359375, 258.3984375] Гц
22. [279.931640625, 269.1650390625, 258.3984375] Гц
23. [1496.5576171875, 290.6982421875, 301.46484375] Гц
24. [872.0947265625, 301.46484375, 290.6982421875] Гц
25. [602.9296875, 301.46484375, 290.6982421875] Гц
26. [602.9296875, 290.6982421875, 301.46484375] Гц
27. [290.6982421875, 312.2314453125, 301.46484375] Гц
28. [290.6982421875, 312.2314453125, 301.46484375] Гц
29. [312.2314453125, 290.6982421875, 301.46484375] Гц
30. [322.998046875, 312.2314453125, 301.46484375] Гц
31. [344.53125, 333.7646484375, 322.998046875] Гц
32. [355.2978515625, 732.12890625, 366.064453125] Гц
33. [721.3623046875, 355.2978515625, 366.064453125] Гц
34. [742.8955078125, 753.662109375, 376.8310546875] Гц
35. [742.8955078125, 376.8310546875, 366.064453125] Гц
36. [742.8955078125, 376.8310546875, 366.064453125] Гц
37. [376.8310546875, 742.8955078125, 366.064453125] Гц
38. [753.662109375, 376.8310546875, 742.8955078125] Гц
39. [732.12890625, 742.8955078125, 366.064453125] Гц
40. [753.662109375, 376.8310546875, 742.8955078125] Гц
41. [376.8310546875, 742.8955078125, 753.662109375] Гц
42. [732.12890625, 742.8955078125, 366.064453125] Гц
43. [742.8955078125, 376.8310546875, 753.662109375] Гц
44. [764.4287109375, 376.8310546875, 753.662109375] Гц
45. [732.12890625, 742.8955078125, 366.064453125] Гц
46. [742.8955078125, 732.12890625, 366.064453125] Гц
47. [366.064453125, 376.8310546875, 753.662109375] Гц
48. [376.8310546875, 732.12890625, 366.064453125] Гц
49. [376.8310546875, 355.2978515625, 366.064453125] Гц
50. [64.599609375, 86.1328125, 75.3662109375] Гц
51. [43.06640625, 86.1328125, 75.3662109375] Гц
52. [53.8330078125, 75.3662109375, 43.06640625] Гц
53. [75.3662109375, 53.8330078125, 43.06640625] Гц
54. [64.599609375, 75.3662109375, 43.06640625] Гц
55. [64.599609375, 53.8330078125, 43.06640625] Гц
56. [53.8330078125, 64.599609375, 75.3662109375] Гц
57. [64.599609375, 53.8330078125, 43.06640625] Гц
58. [75.3662109375, 86.1328125, 53.8330078125] Гц
59. [64.599609375, 43.06640625, 53.8330078125] Гц
60. [64.599609375, 43.06640625, 53.8330078125] Гц
61. [43.06640625, 53.8330078125, 64.599609375] Гц
62. [64.599609375, 53.8330078125, 43.06640625] Гц
63. [64.599609375, 43.06640625, 53.8330078125] Гц
