Результаты анализа звукового файла: i.wav

Минимальная частота голоса: 0.0 Гц
Максимальная частота голоса: 10605.1025390625 Гц

Основной тон: 333.7646484375 Гц

Три самые сильные форманты:
1. [139.9658203125, 43.06640625, 53.8330078125] Гц
2. [64.599609375, 43.06640625, 53.8330078125] Гц
3. [64.599609375, 43.06640625, 53.8330078125] Гц
4. [129.19921875, 53.8330078125, 43.06640625] Гц
5. [64.599609375, 43.06640625, 53.8330078125] Гц
6. [75.3662109375, 53.8330078125, 64.599609375] Гц
7. [226.0986328125, 204.5654296875, 215.33203125] Гц
8. [398.3642578125, 193.798828125, 204.5654296875] Гц
9. [387.59765625, 204.5654296875, 193.798828125] Гц
10. [398.3642578125, 204.5654296875, 193.798828125] Гц
11. [398.3642578125, 204.5654296875, 193.798828125] Гц
12. [398.3642578125, 204.5654296875, 193.798828125] Гц
13. [398.3642578125, 193.798828125, 204.5654296875] Гц
14. [398.3642578125, 193.798828125, 204.5654296875] Гц
15. [419.8974609375, 215.33203125, 204.5654296875] Гц
16. [215.33203125, 236.865234375, 226.0986328125] Гц
17. [226.0986328125, 236.865234375, 247.6318359375] Гц
18. [258.3984375, 236.865234375, 247.6318359375] Гц
19. [258.3984375, 236.865234375, 247.6318359375] Гц
20. [258.3984375, 236.865234375, 247.6318359375] Гц
21. [258.3984375, 236.865234375, 247.6318359375] Гц
22. [258.3984375, 236.865234375, 247.6318359375] Гц
23. [258.3984375, 236.865234375, 247.6318359375] Гц
24. [236.865234375, 258.3984375, 247.6318359375] Гц
25. [269.1650390625, 247.6318359375, 258.3984375] Гц
26. [301.46484375, 279.931640625, 290.6982421875] Гц
27. [301.46484375, 279.931640625, 290.6982421875] Гц
28. [301.46484375, 279.931640625, 290.6982421875] Гц
29. [279.931640625, 301.46484375, 290.6982421875] Гц
30. [301.46484375, 279.931640625, 290.6982421875] Гц
31. [279.931640625, 301.46484375, 290.6982421875] Гц
32. [279.931640625, 301.46484375, 290.6982421875] Гц
33. [312.2314453125, 290.6982421875, 301.46484375] Гц
34. [333.7646484375, 312.2314453125, 322.998046875] Гц
35. [322.998046875, 344.53125, 333.7646484375] Гц
36. [322.998046875, 344.53125, 333.7646484375] Гц
37. [355.2978515625, 333.7646484375, 344.53125] Гц
38. [355.2978515625, 333.7646484375, 344.53125] Гц
39. [355.2978515625, 333.7646484375, 344.53125] Гц
40. [355.2978515625, 333.7646484375, 344.53125] Гц
41. [355.2978515625, 333.7646484375, 344.53125] Гц
42. [355.2978515625, 333.7646484375, 344.53125] Гц
43. [355.2978515625, 333.7646484375, 344.53125] Гц
44. [355.2978515625, 333.7646484375, 344.53125] Гц
45. [355.2978515625, 333.7646484375, 344.53125] Гц
46. [355.2978515625, 333.7646484375, 344.53125] Гц
47. [322.998046875, 344.53125, 333.7646484375] Гц
48. [355.2978515625, 333.7646484375, 344.53125] Гц
49. [333.7646484375, 344.53125, 355.2978515625] Гц
50. [64.599609375, 53.8330078125, 75.3662109375] Гц
51. [43.06640625, 64.599609375, 53.8330078125] Гц
52. [43.06640625, 64.599609375, 53.8330078125] Гц
53. [43.06640625, 53.8330078125, 64.599609375] Гц
54. [64.599609375, 43.06640625, 53.8330078125] Гц
55. [64.599609375, 43.06640625, 53.8330078125] Гц
56. [75.3662109375, 53.8330078125, 64.599609375] Гц
57. [75.3662109375, 53.8330078125, 64.599609375] Гц
58. [75.3662109375, 53.8330078125, 64.599609375] Гц
59. [53.8330078125, 64.599609375, 43.06640625] Гц
60. [86.1328125, 64.599609375, 75.3662109375] Гц
