Результаты анализа звукового файла: meow.wav

Минимальная частота голоса: 0.0 Гц
Максимальная частота голоса: 10615.869140625 Гц

Основной тон: 1776.4892578125 Гц

Три самые сильные форманты:
1. [64.599609375, 53.8330078125, 43.06640625] Гц
2. [86.1328125, 43.06640625, 53.8330078125] Гц
3. [64.599609375, 43.06640625, 53.8330078125] Гц
4. [64.599609375, 43.06640625, 53.8330078125] Гц
5. [64.599609375, 43.06640625, 53.8330078125] Гц
6. [366.064453125, 344.53125, 355.2978515625] Гц
7. [333.7646484375, 355.2978515625, 344.53125] Гц
8. [333.7646484375, 689.0625, 344.53125] Гц
9. [699.8291015625, 344.53125, 355.2978515625] Гц
10. [1776.4892578125, 1787.255859375, 355.2978515625] Гц
11. [1378.125, 1388.8916015625, 355.2978515625] Гц
12. [344.53125, 1033.59375, 1388.8916015625] Гц
13. [689.0625, 344.53125, 1033.59375] Гц
14. [366.064453125, 344.53125, 355.2978515625] Гц
15. [64.599609375, 43.06640625, 53.8330078125] Гц
16. [64.599609375, 53.8330078125, 43.06640625] Гц
17. [64.599609375, 43.06640625, 53.8330078125] Гц
18. [64.599609375, 53.8330078125, 43.06640625] Гц
19. [64.599609375, 43.06640625, 53.8330078125] Гц
20. [64.599609375, 43.06640625, 53.8330078125] Гц
21. [64.599609375, 43.06640625, 53.8330078125] Гц
22. [64.599609375, 43.06640625, 53.8330078125] Гц
23. [64.599609375, 43.06640625, 53.8330078125] Гц
24. [409.130859375, 430.6640625, 419.8974609375] Гц
25. [387.59765625, 409.130859375, 419.8974609375] Гц
26. [344.53125, 366.064453125, 355.2978515625] Гц
27. [344.53125, 710.595703125, 355.2978515625] Гц
28. [366.064453125, 710.595703125, 355.2978515625] Гц
29. [710.595703125, 1055.126953125, 355.2978515625] Гц
30. [1065.8935546875, 1776.4892578125, 355.2978515625] Гц
31. [1765.72265625, 355.2978515625, 1776.4892578125] Гц
32. [355.2978515625, 1787.255859375, 1776.4892578125] Гц
33. [355.2978515625, 1765.72265625, 1776.4892578125] Гц
34. [1754.9560546875, 344.53125, 355.2978515625] Гц
35. [1378.125, 355.2978515625, 344.53125] Гц
36. [355.2978515625, 1033.59375, 344.53125] Гц
37. [689.0625, 355.2978515625, 344.53125] Гц
38. [355.2978515625, 333.7646484375, 344.53125] Гц
39. [53.8330078125, 64.599609375, 75.3662109375] Гц
40. [43.06640625, 64.599609375, 53.8330078125] Гц
41. [129.19921875, 53.8330078125, 43.06640625] Гц
42. [53.8330078125, 64.599609375, 75.3662109375] Гц
43. [269.1650390625, 43.06640625, 53.8330078125] Гц
44. [204.5654296875, 64.599609375, 75.3662109375] Гц
45. [53.8330078125, 75.3662109375, 64.599609375] Гц
46. [75.3662109375, 53.8330078125, 64.599609375] Гц
47. [419.8974609375, 398.3642578125, 409.130859375] Гц
48. [732.12890625, 376.8310546875, 366.064453125] Гц
49. [742.8955078125, 376.8310546875, 366.064453125] Гц
50. [753.662109375, 366.064453125, 376.8310546875] Гц
51. [1905.6884765625, 387.59765625, 376.8310546875] Гц
52. [764.4287109375, 387.59765625, 376.8310546875] Гц
53. [1518.0908203125, 387.59765625, 376.8310546875] Гц
54. [1130.4931640625, 387.59765625, 376.8310546875] Гц
55. [785.9619140625, 775.1953125, 387.59765625] Гц
56. [193.798828125, 226.0986328125, 236.865234375] Гц
57. [172.265625, 150.732421875, 161.4990234375] Гц
58. [107.666015625, 96.8994140625, 64.599609375] Гц
59. [75.3662109375, 53.8330078125, 64.599609375] Гц
60. [75.3662109375, 129.19921875, 86.1328125] Гц
61. [86.1328125, 64.599609375, 75.3662109375] Гц
62. [64.599609375, 75.3662109375, 86.1328125] Гц
63. [75.3662109375, 53.8330078125, 64.599609375] Гц
64. [53.8330078125, 129.19921875, 86.1328125] Гц
65. [96.8994140625, 64.599609375, 53.8330078125] Гц
66. [53.8330078125, 75.3662109375, 64.599609375] Гц
