Количество пиков:596
0.976
1.6213333333333333
1.936
2.2
2.3386666666666667
3.1546666666666665
4.1306666666666665
5.144
6.1146666666666665
7.042666666666666
8.08
9.141333333333334
10.056
9.264
10.245333333333333
8.714666666666666
8.202666666666667
9.117333333333333
9.816
10.093333333333334
4.0
4.744
6.906666666666666
6.581333333333333
7.674666666666667
7.325333333333333
1.1973333333333334
1.7786666666666666
8.512
8.674666666666667
8.581333333333333
9.0
9.325333333333333
9.674666666666667
9.512
9.744
10.813333333333333
10.488
10.674666666666667
10.349333333333334
1.5573333333333332
2.5573333333333332
2.3946666666666667
2.232
3.3946666666666667
3.1386666666666665
4.882666666666666
5.8133333333333335
5.069333333333334
5.488
5.301333333333333
6.8133333333333335
6.72
0.17333333333333334
6.232
7.8133333333333335
7.976
1.1733333333333333
2.336
3.7546666666666666
3.917333333333333
0.25066666666666665
2.952
1.0506666666666666
5.952
5.464
6.045333333333334
7.952
7.208
7.533333333333333
7.464
7.370666666666667
8.858666666666666
8.44
8.882666666666667
8.952
8.346666666666666
9.277333333333333
9.44
3.4053333333333335
9.533333333333333
9.789333333333333
0.23466666666666666
2.7653333333333334
4.602666666666667
1.4453333333333334
4.184
5.184
5.928
7.346666666666667
7.672
1.1253333333333333
3.962666666666667
0.5013333333333333
0.5173333333333333
0.864
0.21866666666666668
0.20266666666666666
0.912
0.5093333333333333
2.578666666666667
3.485333333333333
3.7413333333333334
3.578666666666667
8.72
5.322666666666667
5.229333333333333
6.066666666666666
6.416
1.9386666666666668
8.717333333333332
8.578666666666667
2.3573333333333335
8.904
9.672
9.928
9.253333333333334
9.741333333333333
10.741333333333333
10.904
10.392
10.090666666666667
10.810666666666666
1.6186666666666667
1.2986666666666666
2.554666666666667
2.7173333333333334
3.2986666666666666
3.461333333333333
4.88
6.810666666666667
6.717333333333333
7.554666666666667
7.461333333333333
7.205333333333333
2.9146666666666667
0.4533333333333333
4.786666666666667
4.6
5.949333333333334
5.112
6.112
7.530666666666667
7.786666666666667
7.949333333333334
8.018666666666666
8.88
8.042666666666667
9.437333333333333
9.461333333333334
9.274666666666667
9.856
10.856
10.461333333333334
10.298666666666668
1.152
1.088
4.506666666666667
5.506666666666667
6.506666666666667
6.576
0.09866666666666667
6.994666666666666
7.669333333333333
7.250666666666667
1.448
2.704
0.3893333333333333
1.1866666666666668
1.4533333333333334
1.768
0.4053333333333333
0.696
1.1546666666666667
1.0906666666666667
1.736
1.776
1.752
2.064
2.2266666666666666
4.970666666666666
4.738666666666667
1.3253333333333333
5.482666666666667
8.04
8.738666666666667
8.877333333333333
8.226666666666667
10.901333333333334
10.552
4.296
4.2026666666666666
4.784
5.296
5.714666666666667
6.458666666666667
6.8773333333333335
6.296
3.074666666666667
0.38133333333333336
1.5973333333333333
1.4346666666666668
2.4346666666666668
4.341333333333333
4.690666666666667
1.1146666666666667
4.1786666666666665
5.690666666666667
5.922666666666666
0.0026666666666666666
8.922666666666666
8.666666666666666
8.365333333333334
9.434666666666667
9.922666666666666
9.085333333333333
9.504
9.829333333333333
10.248
9.853333333333333
10.76
3.632
10.829333333333333
2.4106666666666667
3.4106666666666667
0.09066666666666667
4.666666666666667
4.992
6.992
6.573333333333333
6.8293333333333335
7.248
7.573333333333333
1.1893333333333334
2.933333333333333
2.352
0.9706666666666667
0.2613333333333333
0.648
0.592
0.664
0.9626666666666667
1.968
1.5493333333333332
0.9866666666666667
0.9066666666666666
2.224
2.5493333333333332
3.224
3.8053333333333335
3.968
4.224
5.712
5.224
6.224
6.061333333333334
6.874666666666666
7.224
7.874666666666666
1.1653333333333333
8.037333333333333
8.898666666666667
2.7466666666666666
8.293333333333333
9.898666666666667
9.549333333333333
3.584
9.293333333333333
3.1653333333333333
10.549333333333333
10.037333333333333
10.805333333333333
9.037333333333333
2.525333333333333
3.944
5.1066666666666665
7.2
7.850666666666666
7.362666666666667
2.7226666666666666
3.1413333333333333
0.25333333333333335
1.7573333333333334
4.594666666666667
4.176
5.501333333333333
5.432
6.082666666666666
6.432
7.432
7.92
7.013333333333334
7.501333333333333
8.269333333333334
8.989333333333333
8.245333333333333
8.733333333333333
2.6986666666666665
9.432
8.850666666666667
3.9546666666666668
9.850666666666667
9.082666666666666
10.757333333333333
10.338666666666667
1.3146666666666667
1.7333333333333334
1.896
8.885333333333334
3.152
4.733333333333333
4.152
4.989333333333334
4.896
5.570666666666667
5.408
6.314666666666667
6.221333333333333
6.989333333333334
7.733333333333333
2.9306666666666668
0.7866666666666666
1.9066666666666667
2.552
2.9066666666666667
2.941333333333333
3.296
3.8426666666666667
0.8746666666666667
3.9466666666666668
3.528
2.312
3.696
3.8986666666666667
4.384
1.808
4.616
5.128
6.453333333333333
0.488
7.197333333333333
7.384
8.290666666666667
8.64
8.197333333333333
2.488
9.034666666666666
9.384
3.488
9.685333333333332
10.685333333333332
10.546666666666667
10.058666666666667
1.5866666666666667
0.6853333333333333
2.429333333333333
2.522666666666667
4.266666666666667
4.104
4.36
5.429333333333333
5.685333333333333
6.685333333333333
6.36
0.8826666666666667
7.778666666666667
2.464
0.10933333333333334
2.6613333333333333
8.557333333333334
4.405333333333333
4.754666666666667
4.986666666666666
8.730666666666666
9.312
9.824
9.266666666666667
10.336
10.266666666666667
10.917333333333334
0.07733333333333334
2.056
3.6373333333333333
4.962666666666666
4.381333333333333
1.3173333333333332
5.962666666666666
5.8
5.149333333333334
7.218666666666667
3.997333333333333
1.9333333333333333
0.6986666666666667
0.6826666666666666
0.9813333333333333
0.6746666666666666
0.368
1.4506666666666668
2.6133333333333333
2.032
4.125333333333334
5.706666666666667
5.125333333333334
6.357333333333333
0.8106666666666666
7.357333333333333
0.021333333333333333
8.845333333333333
8.450666666666667
8.52
2.066666666666667
9.682666666666666
9.869333333333334
3.392
3.066666666666667
10.357333333333333
10.544
10.682666666666666
1.5893333333333333
0.005333333333333333
3.752
3.4266666666666667
5.914666666666666
6.8453333333333335
7.8453333333333335
1.624
3.949333333333333
3.624
0.288
2.24
4.402666666666667
4.658666666666667
4.1466666666666665
5.1466666666666665
6.24
7.077333333333334
8.24
8.728
8.402666666666667
9.984
9.565333333333333
3.925333333333333
9.402666666666667
10.914666666666667
10.402666666666667
10.333333333333334
8.536
3.1226666666666665
4.378666666666667
4.1226666666666665
5.704
5.7973333333333334
5.96
6.96
6.541333333333333
6.634666666666667
1.1573333333333333
2.7386666666666666
3.7386666666666666
0.5306666666666666
1.328
1.8053333333333332
0.9253333333333333
0.9653333333333334
1.5466666666666666
1.312
1.16
1.6346666666666667
1.9413333333333334
1.6026666666666667
2.936
4.842666666666666
4.354666666666667
4.610666666666667
6.029333333333334
6.68
7.842666666666666
7.354666666666667
7.68
7.029333333333334
8.541333333333334
8.261333333333333
2.3893333333333335
9.842666666666666
9.541333333333334
3.3893333333333335
9.866666666666667
10.586666666666666
10.541333333333334
0.208
2.912
3.7493333333333334
5.912
6.237333333333333
7.912
7.330666666666667
0.49866666666666665
0.7253333333333334
4.469333333333333
4.981333333333334
5.469333333333333
6.725333333333333
0.504
7.213333333333333
8.538666666666666
8.12
2.9226666666666667
8.562666666666667
8.074666666666667
9.538666666666666
9.144
9.330666666666668
9.562666666666667
10.144
10.538666666666666
10.050666666666666
10.725333333333333
10.562666666666667
10.912
0.7013333333333334
2.7013333333333334
3.12
4.12
4.538666666666667
7.376
3.736
0.8053333333333333
0.8533333333333334
0.8373333333333334
0.4666666666666667
3.514666666666667
1.1946666666666668
5.421333333333333
6.096
0.104
7.677333333333333
1.456
8.514666666666667
2.037333333333333
9.514666666666667
9.864
3.456
10.282666666666668
10.258666666666667
10.096
10.514666666666667
10.002666666666666
10.584
0.096
2.072
4.653333333333333
5.328
6.978666666666666
0.8506666666666667
1.2693333333333334
1.8506666666666667
2.432
0.38666666666666666
1.6293333333333333
2.2106666666666666
3.792
4.954666666666666
4.629333333333333
4.466666666666667
6.373333333333333
6.722666666666667
7.210666666666667
7.536
8.28
8.56
8.117333333333333
2.082666666666667
8.954666666666666
9.28
9.56
3.8266666666666667
9.861333333333333
3.408
10.885333333333334
10.141333333333334
1.344
1.4426666666666668
2.768
4.28
4.605333333333333
4.117333333333334
5.349333333333333
5.605333333333333
5.024
6.605333333333333
6.1866666666666665
6.512
6.698666666666667
7.349333333333333
1.8026666666666666
2.8026666666666666
