Количество пиков:502
0.6182312925170068
1.7937414965986394
2.3626303854875284
2.6993197278911563
4.170884353741497
4.580136054421769
5.047437641723356
6.0633106575963716
8.312743764172335
9.401179138321995
10.036825396825396
3.6165079365079364
9.070294784580499
9.769795918367347
10.147120181405896
11.003356009070295
9.676916099773242
9.66530612244898
9.903310657596371
10.924988662131518
11.017868480725623
4.498866213151928
5.009705215419501
6.4406349206349205
6.594467120181406
6.696054421768707
7.668390022675737
8.588480725623583
8.742312925170069
8.893242630385487
8.997732426303855
2.7341496598639456
9.200907029478458
2.58031746031746
10.120997732426304
10.428662131519275
10.37641723356009
2.5541950113378684
3.2188662131519274
4.138956916099773
5.314467120181406
5.723718820861678
6.797641723356009
7.717732426303855
7.308480725623583
0.33378684807256237
3.523628117913832
4.495963718820862
4.443718820861678
5.416054421768708
5.926893424036281
5.006802721088436
6.182312925170068
7.203990929705215
1.401904761904762
8.33015873015873
8.585578231292518
2.8328344671201813
8.99482993197279
9.810430839002267
9.55501133786848
9.607256235827665
9.404081632653062
9.659501133786849
10.730521541950113
10.118095238095238
3.4975056689342403
10.271927437641724
9.862675736961451
0.2234920634920635
2.1420408163265305
2.295873015873016
3.215963718820862
5.157732426303855
6.231655328798186
6.588662131519274
6.333242630385487
0.531156462585034
7.7148299319727895
2.115918367346939
0.6211337868480725
0.3512018140589569
0.8272108843537415
0.7604535147392291
3.776145124716553
3.5207256235827664
4.03156462585034
4.440816326530612
6.791836734693877
6.945668934240363
0.3250793650793651
7.354920634920635
7.96734693877551
8.478185941043083
9.604353741496599
9.91201814058957
3.4946031746031747
9.398276643990929
2.6499773242630384
3.9793197278911565
4.3363265306122445
4.234739229024943
5.819501133786848
5.154829931972789
5.410249433106576
5.564081632653061
7.558095238095238
2.8792743764172335
3.1346938775510202
0.2089795918367347
1.5238095238095237
1.268390022675737
4.028662131519274
4.1302494331065756
6.635102040816326
6.022675736961451
6.942766439909297
6.278095238095238
0.833015873015873
6.788934240362812
1.497687074829932
8.475283446712018
9.958458049886621
9.346031746031747
10.367709750566894
10.980136054421768
10.776961451247166
10.469297052154195
10.724716553287982
1.4077097505668934
11.032380952380953
3.5671655328798186
3.1579138321995464
4.333424036281179
5.40734693877551
5.8165986394557825
0.626938775510204
0.16253968253968254
1.3990022675736962
1.2248526077097506
1.3032199546485261
1.7473015873015874
1.2712925170068028
1.654421768707483
1.1145578231292517
1.7647165532879818
1.3670748299319728
1.5121995464852607
1.7763265306122449
4.792018140589569
5.3028571428571425
5.8659410430839
6.019773242630386
6.275192743764173
8.524625850340136
8.727800453514739
8.167619047619048
8.780045351473923
8.26920634920635
9.546303854875283
9.343129251700681
8.370793650793651
10.109387755102041
1.6602267573696146
0.22639455782312926
4.330521541950113
4.176689342403628
5.659863945578231
5.813696145124717
5.404444444444445
6.936961451247165
6.016870748299319
6.069115646258504
6.989206349206349
6.478367346938776
7.398458049886622
7.601632653061224
0.35410430839002266
3.613605442176871
4.890702947845805
4.022857142857143
4.789115646258503
5.81079365079365
6.527709750566894
6.1184580498866215
6.730884353741496
6.272290249433107
8.52172335600907
8.672653061224489
9.491156462585034
9.74657596371882
9.134149659863946
9.543401360544218
10.463492063492064
10.872743764172336
10.106485260770976
10.41124716553288
10.820498866213152
0.23800453514739228
0.8126984126984127
4.173786848072562
4.2260317460317465
6.524807256235827
6.9340589569160995
7.90639455782313
0.8301133786848073
0.6240362811791383
4.887800453514739
5.297052154195011
6.217142857142857
6.472562358276644
6.115555555555556
8.669750566893423
8.36498866213152
2.5106575963718822
8.620408163265306
9.540498866213152
9.89750566893424
9.438911564625851
10.765351473922902
10.6637641723356
10.254512471655328
2.5861224489795918
2.8415419501133785
4.68172335600907
4.426303854875283
6.521904761904762
6.931156462585034
6.266485260770975
7.595827664399093
7.186575963718821
1.230657596371882
3.5555555555555554
4.629478458049887
4.731065759637188
5.804988662131519
7.288163265306123
1.024580498866213
8.411428571428571
8.974512471655329
8.463673469387755
8.208253968253969
8.054421768707483
9.688526077097505
8.565260770975057
9.537596371882087
9.691428571428572
2.8647619047619046
10.762448979591836
9.250249433106577
10.097777777777777
0.22929705215419502
2.583219954648526
2.838639455782313
4.6788208616780045
5.241904761904762
5.497324263038549
6.928253968253968
6.519002267573696
7.949931972789115
7.592925170068027
7.285260770975056
3.732607709750567
0.6414512471655329
1.0536054421768708
1.2277551020408164
2.1797732426303855
2.5919274376417234
3.2072562358276646
2.1652607709750566
2.1188208616780044
2.5280725623582767
3.128888888888889
3.384308390022676
3.1666213151927436
3.5091156462585036
4.217324263038549
4.626575963718821
5.035827664399093
5.494421768707483
5.29124716553288
6.211337868480726
6.722176870748299
7.131428571428572
7.48843537414966
7.796099773242631
1.2770975056689342
7.079183673469387
8.817777777777778
8.153106575963719
8.051519274376417
8.103764172335602
9.22702947845805
9.328616780045351
9.891700680272109
9.68562358276644
9.073197278911564
10.045532879818595
10.094875283446711
10.350294784580498
10.75954648526077
2.1710657596371883
2.8357369614512473
5.032925170068027
5.596009070294785
6.617687074829932
6.771519274376417
0.24671201814058957
1.0448979591836736
2.6296598639455784
3.805170068027211
4.826848072562358
1.2103401360544217
5.134512471655329
5.491519274376417
6.156190476190476
6.719274376417234
0.6095238095238096
7.740952380952381
7.587120181405895
1.7850340136054421
8.968707482993198
2.8589569160997734
9.93814058956916
9.581133786848072
9.990385487528345
10.091972789115646
10.962721088435375
10.245804988662131
11.012063492063492
1.0942403628117914
2.269750566893424
4.1099319727891155
4.7746031746031745
1.0042630385487528
6.359365079365079
6.002358276643991
3.6745578231292515
0.313469387755102
0.7546485260770975
0.6124263038548753
0.6907936507936508
0.6443537414965986
4.876190476190477
5.131609977324263
5.999455782312925
5.897868480725624
5.38702947845805
6.562539682539683
7.993469387755102
7.174965986394557
8.402721088435374
8.248888888888889
8.965804988662132
9.987482993197279
9.424399092970521
9.833650793650794
9.221224489795919
10.550566893424037
10.95981859410431
10.956916099773242
10.08907029478458
0.23219954648526078
1.921451247165533
5.84562358276644
5.128707482993197
6.048798185941043
7.888979591836734
7.787392290249433
3.2624036281179136
0.32798185941043084
1.3960997732426303
3.236281179138322
3.4917006802721087
4.667210884353741
1.050702947845805
4.0547845804988665
5.7411337868480725
5.639546485260771
6.507392290249433
6.661224489795918
8.602993197278911
8.144399092970522
8.704580498866212
2.545487528344671
8.298231292517007
9.882993197278912
9.113832199546485
3.21015873015873
0.615328798185941
10.289342403628117
10.547664399092971
10.443174603174603
10.597006802721088
0.21768707482993196
2.110113378684807
4.104126984126984
6.710566893424036
6.556734693877551
6.353560090702948
3.259501133786848
3.0040816326530613
0.6298412698412699
1.773424036281179
1.390294784580499
1.5180045351473923
1.1203628117913833
1.3119274376417234
1.2161451247165533
1.0565079365079366
1.3612698412698412
1.18421768707483
1.3438548752834467
2.159455782312925
4.153469387755102
4.562721088435374
4.307301587301588
5.227392290249433
5.175147392290249
5.8920634920634924
6.350657596371882
7.169160997732426
8.295328798185942
9.21251700680272
9.215419501133788
9.110929705215419
10.031020408163265
10.083265306122449
10.440272108843537
1.352562358276644
5.633741496598639
6.553832199546485
7.218503401360544
3.2565986394557824
0.23510204081632652
2.5658049886621317
2.1565532879818594
3.5874829931972787
4.405986394557823
4.8152380952380955
4.916825396825397
5.018412698412698
6.347755102040816
9.314104308390023
9.465034013605441
9.618866213151927
9.723356009070296
10.538956916099773
4.455328798185941
0.3308843537414966
0.6327437641723356
5.834013605442177
6.3448526077097505
6.600272108843537
6.855691609977324
8.594285714285714
8.237278911564626
8.849705215419501
9.258956916099773
10.895963718820862
0.22058956916099773
3.378503401360544
3.1230839002267574
3.633922902494331
4.043174603174603
4.144761904761904
6.957278911564626
7.212698412698413
7.314285714285714
1.7676190476190476
2.17687074829932
1.076825396825397
4.655600907029479
4.858775510204081
5.421859410430839
5.012607709750567
5.932698412698413
6.597369614512472
6.49578231292517
6.086530612244898
6.188117913832199
7.671292517006803
7.262040816326531
7.363628117913832
8.028299319727891
8.129886621315192
2.8908843537414968
8.591383219954649
8.89904761904762
9.256054421768708
8.385306122448979
10.585396825396826
10.228390022675738
1.7908390022675738
3.6310204081632653
5.726621315192744
5.572789115646258
5.471201814058957
6.492879818594104
7.3113832199546485
7.822222222222222
2.5309750566893423
